%YAML:1.0

cam0:
  T_cam_imu:
    - [-0.7293395363821763, -0.6841429682370743, 0.0034985256321086733, -0.009956119764752967]
    - [0.0033116815697893376, -0.008643976942870016, -0.9999571562961047, -0.06458726364846781]
    - [0.6841438981932189, -0.7292967027721828, 0.00857005779502272, -0.04382766528441144]
    - [0.0, 0.0, 0.0, 1.0]
  cam_overlaps: []
  camera_model: pinhole
  distortion_coeffs: [-0.3297333588900208, 0.07524154597798735, 0.0038792338926136693, -0.0007514802906631286]
  distortion_model: radtan
  intrinsics: [174.23053482872476, 232.88590937385212, 156.79023656288385, 109.03877118262743]
  resolution: [320, 240]
  rostopic: /camera_right/image_raw
  timeshift_cam_imu: -0.015045968200700113