%YAML:1.0

cam0:
  T_cam_imu:
    - [0.7227854953623052, 0.690972583712332, 0.011748031825471128, 0.018949123818649858]
    - [0.021718087344304804, -0.005720125495617123, -0.9997477706133784, -0.06213774857346169]
    - [-0.6907310999050014, 0.7228583324014599, -0.01914102666546852, -0.030855688523117503]
    - [0.0, 0.0, 0.0, 1.0]
  cam_overlaps: []
  camera_model: pinhole
  distortion_coeffs: [-0.34077647944043543, 0.07882669813152043, 0.0015824725183880704, 0.0012525903695575298]
  distortion_model: radtan
  intrinsics: [179.38374864497342, 239.14905245761955, 159.41935060219043, 115.98379053730146]
  resolution: [320, 240]
  rostopic: /camera_left/image_raw
  timeshift_cam_imu: -0.015428246423768242