%YAML:1.0

cam0:
  T_cam_imu:
    - [-0.012131872713570498, -0.9988002553713804, 0.04744330863807427, 0.007885107731108038]
    - [-0.9999235368024462, 0.012004509494332653, -0.002968551884045049, -0.02312753381964654]
    - [0.0023954567308790697, -0.04747569506459412, -0.998869521091311, -0.33795340822485564]
    - [0.0, 0.0, 0.0, 1.0]
  cam_overlaps: []
  camera_model: pinhole
  distortion_coeffs: [-0.30853360843976574, 0.06820512236386221, 0.000618991851132764, 0.0003652620607685026]
  distortion_model: radtan
  intrinsics: [169.69132656266478, 226.42713435205303, 159.98902086062512, 121.44615307960885]
  resolution: [320, 240]
  rostopic: /camera_down/image_raw
  timeshift_cam_imu: -0.015827714077552603

cam1:
  T_cam_imu:
    - [0.7003196043104905, 0.7137922861514903, -0.007281761395938446, 0.03640681588607035]
    - [-0.01452296462883157, 0.00404849302293081, -0.999886340142035, 0.013122566326430225]
    - [-0.7136816764614236, 0.7003457588469231, 0.013201619155983668, -0.06287334255939823]
    - [0.0, 0.0, 0.0, 1.0]
  cam_overlaps: [2]
  camera_model: pinhole
  distortion_coeffs: [0.004662063699152536, -0.014703623434658884, -0.000907828748737255, 0.0005687312056524509]
  distortion_model: radtan
  intrinsics: [127.24660859774929, 127.83272042052218, 156.9154244136534, 120.63039880045326]
  resolution: [320, 240]
  rostopic: /stereo_left/image_raw
  timeshift_cam_imu: -0.07557174729936074

cam2:
  T_cam_imu:
    - [0.6857244506945362, 0.7278354866031305, -0.006122267624094957, -0.026028380043068886]
    - [-0.010959348681952197, 0.0019141751796418749, -0.9999381123898865, 0.01340135537264913]
    - [-0.7277787235115796, 0.685749108912703, 0.009289199604375131, -0.06290384670786375]
    - [0.0, 0.0, 0.0, 1.0]
  T_cn_cnm1:
    - [0.9997942127931007, -0.0008905432851810958, 0.020266696772979254, -0.06114178269010451]
    - [0.000972587490253821, 0.9999913713241839, -0.004038731330311222, -1.0435075537143458e-05]
    - [-0.020262925233156013, 0.004057611346821495, 0.9997864520242111, 0.000640531690750814]
    - [0.0, 0.0, 0.0, 1.0]
  cam_overlaps: [1]
  camera_model: pinhole
  distortion_coeffs: [0.0037033431893670004, -0.013642232382735554, -0.001263283800557792, 0.0010953125073996605]
  distortion_model: radtan
  intrinsics: [127.13629367947281, 127.80665378622771, 158.69838559035392, 118.12788632984868]
  resolution: [320, 240]
  rostopic: /stereo_right/image_raw
  timeshift_cam_imu: -0.07585282739260728

