%YAML:1.0

cam0:
  T_cam_imu:
    - [-0.015282872051616238, -0.9991866772325582, 0.037315115741646455, 0.00571340452348571]
    - [-0.9998299397926973, 0.015656635531891148, 0.009744806716992769, -0.013055870610391231]
    - [-0.010321110210822814, -0.037159841291104403, -0.9992560336966873, -0.26457321666330025]
    - [0.0, 0.0, 0.0, 1.0]
  cam_overlaps: []
  camera_model: omni
  distortion_coeffs: [0.8844542182536153, -67.02447973905626, 0.008270275603235303, 0.008376804233021565]
  distortion_model: radtan
  intrinsics: [6.3982128918082894, 1309.2145889076903, 1747.6597169960419, 159.49212893391908, 122.1009125096199]
  resolution: [320, 240]
  rostopic: /camera_down/image_raw
  timeshift_cam_imu: -0.013510142598893243