%YAML:1.0

imu0:
  T_i_b:
    - [1.0, 0.0, 0.0, 0.0]
    - [0.0, 1.0, 0.0, 0.0]
    - [0.0, 0.0, 1.0, 0.0]
    - [0.0, 0.0, 0.0, 1.0]

  #Accelerometer
  accelerometer_noise_density: 0.011270145418967536
  accelerometer_random_walk: 9.260437709166849e-04

  #Gyroscope
  gyroscope_noise_density: 0.0008541862157351124
  gyroscope_random_walk: 2.1767159683878405e-05

  rostopic: '/mavros/imu/data_raw'
  time_offset: 0.0
  update_rate: 200.0
  # three different modes supported:
  # "calibrated" (same as "kalibr"), "kalibr", "rpng"
  model: "kalibr"
  # how to get from Kalibr imu.yaml result file:
  #   - Tw is imu0:gyroscopes:M:
  #   - R_IMUtoGYRO: is imu0:gyroscopes:C_gyro_i:
  #   - Ta is imu0:accelerometers:M:
  #   - R_IMUtoACC not used by Kalibr
  #   - Tg is imu0:gyroscopes:A:
  Tw:
    - [1.013638965656966, 0.0, 0.0]
    - [-0.00042789047911383313, 1.0127144339783616, 0.0]
    - [0.0005524286029079754, -0.001999487389450498, 1.0046524986230074]
  R_IMUtoGYRO:
    - [0.9999958920086606, 0.002259672637153471, 0.0017634753690188118]
    - [-0.0022705074348237752, 0.9999784100528281, 0.006166378532600934]
    - [-0.0017495032988383062, -0.006170357185107809, 0.9999794327537024]
  Ta:
    - [1.0052694578752364, 0.0, 0.0]
    - [0.0005806768871875755, 1.003248777377988, 0.0]
    - [-0.003822979413142055, -0.008419762901292278, 1.0008976471114057]
  R_IMUtoACC:
    - [ 1.0, 0.0, 0.0 ]
    - [ 0.0, 1.0, 0.0 ]
    - [ 0.0, 0.0, 1.0 ]
  Tg:
    - [9.43570369179473e-06, -0.0001948874413100249, -0.0008170445672182315]
    - [-7.210139977488962e-05, -0.00011340088168979296, -0.0005645461815224235]
    - [0.00019345780804261284, -0.0007538644107431158, -0.0011496273563214115]
