%YAML:1.0

cam0:
  T_cam_imu:
    - [0.7163866511478565, 0.697696517892729, -0.0031200925498605647, -0.005085703416274086]
    - [0.005360442523049291, -0.009975744119490315, -0.9999358730364758, -0.08050161456839429]
    - [-0.6976829019784818, 0.7163239863704292, -0.010886452005165137, -0.0153197971344073]
    - [0.0, 0.0, 0.0, 1.0]
  cam_overlaps: []
  camera_model: pinhole
  distortion_coeffs: [-0.32925783092568756, 0.0720618438263532, 0.00021996391239744194, 0.00053141081414247]
  distortion_model: radtan
  intrinsics: [182.58401051874432, 244.80539134995576, 158.7273842456337, 115.92194678177799]
  resolution: [320, 240]
  rostopic: /camera_left/image_raw
  timeshift_cam_imu: -0.011054989181424944
  
cam1:
  T_cam_imu:
    - [-0.012131872713570498, -0.9988002553713804, 0.04744330863807427, 0.007885107731108038]
    - [-0.9999235368024462, 0.012004509494332653, -0.002968551884045049, -0.02312753381964654]
    - [0.0023954567308790697, -0.04747569506459412, -0.998869521091311, -0.33795340822485564]
    - [0.0, 0.0, 0.0, 1.0]
  cam_overlaps: []
  camera_model: pinhole
  distortion_coeffs: [-0.30853360843976574, 0.06820512236386221, 0.000618991851132764, 0.0003652620607685026]
  distortion_model: radtan
  intrinsics: [169.69132656266478, 226.42713435205303, 159.98902086062512, 121.44615307960885]
  resolution: [320, 240]
  rostopic: /camera_down/image_raw
  timeshift_cam_imu: -0.015827714077552603

cam2:
  T_cam_imu:
    - [-0.7275388040546673, -0.6856510429407013, 0.023873330497261314, -0.02089771773588229]
    - [-0.018848168582162983, -0.014808840902519604, -0.9997126811100382, -0.052626227100251395]
    - [0.6858075787972902, -0.7277797369709128, -0.0021492600462272304, -0.0031582494863045506]
    - [0.0, 0.0, 0.0, 1.0]
  cam_overlaps: []
  camera_model: pinhole
  distortion_coeffs: [-0.37583206637368405, 0.1103852146951889, 0.003992973750601463, -0.002329957043197539]
  distortion_model: radtan
  intrinsics: [180.61007783361958, 240.95211781589788, 159.27063360370386, 109.76704749303764]
  resolution: [320, 240]
  rostopic: /camera_right/image_raw
  timeshift_cam_imu: -0.011984354600347035
