%YAML:1.0

cam0:
  T_cam_imu:
    - [-0.012131872713570498, -0.9988002553713804, 0.04744330863807427, 0.007885107731108038]
    - [-0.9999235368024462, 0.012004509494332653, -0.002968551884045049, -0.02312753381964654]
    - [0.0023954567308790697, -0.04747569506459412, -0.998869521091311, -0.33795340822485564]
    - [0.0, 0.0, 0.0, 1.0]
  cam_overlaps: []
  camera_model: pinhole
  distortion_coeffs: [-0.30853360843976574, 0.06820512236386221, 0.000618991851132764, 0.0003652620607685026]
  distortion_model: radtan
  intrinsics: [169.69132656266478, 226.42713435205303, 159.98902086062512, 121.44615307960885]
  resolution: [320, 240]
  rostopic: /camera_down/image_raw
  timeshift_cam_imu: -0.015827714077552603